Weights: 
 [array([[ 0.47780671, -0.17957141,  1.71585688, ...,  0.73722595,
         0.04758662, -0.53918962],
       [ 0.44184759,  0.30033677,  0.69437968, ..., -0.29671837,
        -0.12689194, -1.05747676],
       [ 0.87162857,  0.51646332,  1.14107969, ..., -0.33587889,
         0.157952  , -0.1238819 ],
       ...,
       [ 0.26475007,  0.06432319,  0.11835214, ..., -0.31879666,
         1.11886946,  0.9441913 ],
       [-1.40480059,  0.58119732,  0.2840653 , ...,  1.10777283,
        -1.26036071,  0.81830378],
       [ 0.18981905,  0.25221226,  0.22807487, ..., -0.59367994,
         1.08700449, -0.2418591 ]]), array([[-2.68552506, -2.21233777, -1.11200263, -0.23173951,  0.69731169,
        -2.25130446, -1.248615  ,  1.53478328,  0.64279377,  0.40228362,
         0.81899609, -3.02303728, -2.73920276, -1.60104625, -1.922686  ,
        -0.75036751,  1.55026841,  1.43391856, -0.88912171, -0.00867378,
        -1.43538661,  0.92847339, -1.4442592 ,  0.96983817, -0.99243653,
         1.13426131, -1.32336022, -0.80118177,  1.09202807, -1.45966286],
       [-0.49630294,  1.54238332,  0.81624362,  0.21759466, -1.91276993,
         0.98826068,  0.12069395, -0.06417673, -2.77428545,  2.34604509,
        -1.06617744, -1.29741267,  1.08102666, -1.04344801, -1.32192093,
         0.82809886, -2.06848756, -1.6750323 ,  1.60266464,  0.95225389,
        -0.49665039,  2.3300593 , -0.03100116, -3.66049658,  0.16723364,
        -1.31915046, -0.15029278,  1.10009242, -0.76751284, -1.8039842 ],
       [ 0.57022841,  0.50711483,  0.10550799, -0.33364176, -0.79847524,
        -1.00891377, -1.88672832, -2.31900939,  0.03819527, -1.27577614,
        -0.22995564, -0.02694749,  0.6575453 ,  0.03109616, -3.23603924,
        -0.28906079,  1.88442648, -2.1512432 , -1.73555511, -1.51377579,
        -1.91259682,  2.3256932 , -0.9980092 ,  1.44823142, -1.42286357,
         0.14541099, -1.98504126, -0.55176088,  0.7329896 ,  3.6768493 ],
       [-0.06973195,  2.49715421,  0.11150801, -1.42052332,  1.06801691,
         1.785631  , -0.95523616,  0.71833121,  0.61278191, -1.3012888 ,
         0.34600595,  1.15063417, -0.32916738, -0.78587828,  0.1257847 ,
        -1.53985271, -1.98694906, -0.57970256, -1.09678359, -3.14114623,
        -1.14628902,  1.9106065 ,  0.09491183,  1.35665798,  1.61437672,
        -2.37077379, -2.27789895, -1.25545079,  0.09522508, -3.22167513],
       [ 3.05476028, -0.30003628,  2.42407452,  3.38377128,  1.12924178,
        -1.18721394, -3.4515521 , -0.03356209, -0.18270849,  0.54729711,
        -0.76262541,  0.54932372, -0.97467827, -0.0534746 ,  2.38811816,
         0.07446279, -0.24503765,  0.10122938, -2.17532129,  0.81543237,
        -1.03876762, -2.39487145,  0.43829316,  0.9985935 ,  0.39049846,
        -0.0133377 , -3.70274468, -0.54372933, -0.67415481,  0.7731525 ],
       [-1.29647227, -1.6948832 , -0.16963336,  0.28927075,  3.73364104,
        -0.68278869, -1.69590743, -0.28902121, -0.81321927, -0.55197673,
        -0.2150362 , -2.28454754,  2.51986796,  0.48247057,  0.09265357,
         0.70369475, -0.91164258, -0.48760711,  1.4743466 , -1.15999197,
         3.5688016 , -1.26564938,  1.13487882, -2.8232729 ,  1.68069399,
         1.92927268, -1.42814514, -1.74990423, -0.55671259, -0.52453893],
       [-1.63506477,  1.03579667, -1.52576303,  2.03780166, -1.03044015,
        -0.96692125, -0.59601281, -1.30442361, -1.14786725,  0.04524441,
         0.5450119 , -0.29999172, -2.16278116,  0.55133652, -2.92726558,
         0.17713596, -0.39263768, -0.33438569,  2.6643426 ,  1.78340087,
        -0.0894056 , -3.39295789, -0.85041101,  0.05484986,  0.50152799,
        -1.28585819, -0.56140803,  0.04206556, -1.94086141,  1.03910879],
       [-2.66668619, -1.85810225, -0.23155433, -0.74447653, -0.8900853 ,
         1.29397649, -0.34488743,  1.15873061, -0.05350757, -1.81031491,
        -0.68994245,  2.52463742, -0.2884623 ,  0.19627235,  2.36020731,
        -0.90521722,  0.23504696, -0.61753213, -0.29482705,  0.1367737 ,
        -0.2575966 , -0.80072119, -1.70311246, -1.21152196, -1.33050151,
         0.43437172,  0.07092563,  0.67811762,  0.13761328, -1.24100627],
       [-2.49243377,  1.38819052,  0.79654654, -1.88532115,  1.21877728,
        -1.15490255, -2.45523945, -2.2877895 ,  0.40471055, -1.44761295,
        -0.52908592, -2.18414715,  2.05571338,  0.59215435, -1.43059224,
        -0.61305308,  0.94032398,  1.42575774, -1.06840363,  1.08105675,
        -3.05708949, -1.9891917 ,  0.64709651,  0.66528494, -0.94137895,
        -1.94387962, -1.42424243,  1.36895087,  0.57139634, -2.10310981],
       [ 2.71960787, -0.62826489, -2.69118555, -3.93832515, -1.13844071,
        -0.50505132, -1.65453338, -1.58084433,  0.50455357, -0.4778364 ,
         1.2433074 , -0.32453247, -0.08516772,  0.12265798,  3.05515001,
         0.16194098, -0.68444376,  0.02734563, -1.12860128,  1.44429046,
        -1.75844503, -1.31154716,  0.59905526,  0.23489122,  1.12819873,
        -0.3233062 , -2.9533298 ,  1.45119061, -1.82429529,  0.16420675]])]

Biases: 
 [array([[ 0.06239002],
       [-1.63486359],
       [ 0.30999824],
       [ 1.08929934],
       [-0.21195382],
       [-0.90061797],
       [ 1.77617385],
       [ 1.87390929],
       [-1.2041181 ],
       [-0.84640062],
       [-1.32066113],
       [ 0.54610681],
       [ 0.49039842],
       [ 2.62854034],
       [-0.99924932],
       [-1.04071322],
       [ 0.04878603],
       [-2.75671388],
       [ 0.27687703],
       [ 0.42771694],
       [-0.67522016],
       [-0.79310255],
       [-0.44511773],
       [-0.52870559],
       [ 1.27875626],
       [ 1.39881995],
       [-0.05773791],
       [ 0.2447333 ],
       [-2.25591331],
       [-0.3175    ]]), array([[-1.07143296e+00],
       [-2.97232154e+00],
       [-1.96709938e+00],
       [-1.56096761e+00],
       [-1.52158447e+00],
       [-1.29197055e-03],
       [-8.05989897e-01],
       [-1.66437475e+00],
       [-3.41743298e+00],
       [-2.30265573e+00]])]
